376.351593 10
381.36026 10
386.368927 10
391.377594 10
396.386292 10
401.394958 10
406.403625 10
411.412292 10
416.420959 10
421.429626 10
426.438293 10
431.44696 10
436.455627 10
441.464294 10
446.472992 10
451.481659 10
456.490326 10
461.498993 10
466.50766 10
471.516327 10
476.524994 10
481.533661 10
486.542328 10
491.550995 10
496.559692 10
501.568359 10
506.577026 10
511.585693 10
516.59436 10
521.603027 10
526.611694 10
531.620361 10
536.629028 10
541.637695 10
546.646362 10
551.655029 10
556.663696 10
561.672363 10
566.68103 10
571.689758 10
576.698425 10
581.707092 10
586.715759 10
591.724426 10
596.733093 10
601.74176 10
606.750427 10
611.759094 10
616.767761 10
621.776428 10
626.785095 10
631.793762 10
636.802429 10
641.811096 10
646.819763 10
651.82843 10
656.837097 10
661.845764 10
666.854431 10
671.863098 10
676.871826 10
681.880493 10
686.88916 10
691.897827 10
696.906494 10
701.915161 10
706.923828 10
711.932495 10
716.941162 10
721.949829 10
726.958496 10
731.967163 10
736.97583 10
741.984497 10
746.993164 10
752.001831 10
757.010498 10
762.019165 10
767.027832 10
772.036499 10
777.045227 10
782.053894 10
787.062561 10
792.071228 10
797.079895 10
802.088562 10
807.097229 10
812.105896 10
817.114563 10
822.12323 10
827.131897 10
832.140564 10
837.149231 10
842.157898 10
847.166565 10
852.175232 10
857.183899 10
862.192566 10
867.201233 10
872.2099 10
877.218628 10
882.227295 10
887.235962 10
892.244629 10
897.253296 10
902.261963 10
907.27063 10
912.279297 10
917.287964 10
922.296631 10
927.305298 10
932.313965 10
937.322632 10
942.331299 10
947.339966 10
952.348633 10
957.3573 10
962.365967 10
967.374634 10
972.383301 10
977.391968 10
982.400696 10
987.409363 10
992.41803 10
997.426697 10
1002.435364 10
1007.444031 10
1012.452698 10
1017.461365 10
1022.470032 10
1027.478638 10
1032.487427 10
1037.496094 10
1042.504761 10
1047.513428 10
1052.522095 10
1057.530762 10
1062.539429 10
1067.548096 10
1072.556763 10
1077.56543 10
1082.574097 10
1087.582764 10
1092.591431 10
1097.600098 10
1102.608765 10
1107.617432 10
1112.626099 10
1117.634766 10
1122.643433 10
1127.6521 10
1132.660767 10
1137.669434 10
1142.678101 10
1147.686768 10
1152.695435 10
1157.704102 10
1162.712769 10
1167.721436 10
1172.730103 10
1177.73877 10
1182.747437 10
1187.756104 10
1192.764771 10
1197.773438 10
1202.782104 10
1207.790771 10
1212.799438 10
1217.808228 10
1222.816895 10
1227.825562 10
1232.834229 10
1237.842896 10
1242.851562 10
1247.860229 10
1252.868896 10
1257.877563 10
1262.88623 10
1267.894897 10
1272.903564 10
1277.912231 10
1282.920898 10
1287.929565 10
1292.938232 10
1297.946899 10
1302.955566 10
1307.964233 10
1312.9729 10
1317.981567 10
1322.990234 10
1327.998901 10
1333.007568 10
1338.016235 10
1343.024902 10
1348.033569 10
1353.042236 10
1358.050903 10
1363.05957 10
1368.068237 10
1373.076904 10
1378.085571 10
1383.094238 10
1388.102905 10
1393.111572 10
1398.120239 10
1403.128906 10
1408.137573 10
1413.14624 10
1418.154907 10
1423.163696 10
1428.172363 10
1433.18103 10
1438.189697 10
1443.198364 10
1448.207031 10
1453.215698 10
1458.224365 10
1463.233032 10
1468.241699 10
1473.250366 10
1478.259033 10
1483.2677 10
1488.276367 10
1493.285034 10
1498.293701 10
1503.302368 10
1508.311035 10
1513.319702 10
1518.328369 10
1523.337036 10
1528.345703 10
1533.35437 10
1538.363037 10
1543.371704 10
1548.380371 10
1553.389038 10
1558.397705 10
1563.406372 10
1568.415039 10
1573.423706 10
1578.432373 10
1583.44104 10
1588.449707 10
1593.458374 10
1598.467041 10
1603.475708 10
1608.484375 10
1613.493042 10
1618.501709 10
1623.510498 10
1628.519165 10
1633.527832 10
1638.536499 10
1643.545166 10
1648.553833 10
1653.5625 10
1658.571167 10
1663.579834 10
1668.588501 10
1673.597168 10
1678.605835 10
1683.614502 10
1688.623169 10
1693.631836 10
1698.640503 10
1703.64917 10
1708.657837 10
1713.666504 10
1718.675171 10
1723.683838 10
1728.692505 10
1733.701172 10
1738.709839 10
1743.718506 10
1748.727173 10
1753.73584 10
1758.744507 10
1763.753174 10
1768.761841 10
1773.770508 10
1778.779175 10
1783.787842 10
1788.796509 10
1793.805176 10
1798.813843 10
1803.82251 10
1808.831177 10
1813.839844 10
1818.848511 10
1823.857178 10
1828.865967 10
1833.874634 10
1838.883301 10
1843.891968 10
1848.900635 10
1853.909302 10
1858.917969 10
1863.926636 10
1868.935303 10
1873.94397 10
1878.952637 10
1883.961304 10
1888.969971 10
1893.978638 10
1898.987305 10
1903.995972 10
1909.004639 10
1914.013306 10
1919.021973 10
1924.03064 10
1929.039307 10
1934.047974 10
1939.056641 10
1944.065308 10
1949.073975 10
1954.082642 10
1959.091309 10
1964.099976 10
1969.108643 10
1974.11731 10
1979.125977 10
1984.134644 10
1989.143311 10
1994.151978 10
1999.160645 10
2004.169312 10
2009.177979 10
2014.186768 10
2019.195435 10
2024.204102 10
2029.212769 10
2034.221436 10
2039.230103 10
2044.23877 10
2049.247314 10
2054.256104 10
2059.264648 10
2064.273438 10
2069.281982 10
2074.290771 10
2079.299316 10
2084.308105 10
2089.31665 10
2094.325439 10
2099.333984 10
2104.342773 10
2109.351318 10
2114.360107 10
2119.368896 10
2124.377441 10
2129.38623 10
2134.394775 10
2139.403564 10
2144.412109 10
2149.420898 10
2154.429443 10
2159.438232 10
2164.446777 10
2169.455566 10
2174.464111 10
2179.4729 10
2184.481445 10
2189.490234 10
2194.498779 10
2199.507568 10
2204.516113 10
2209.524902 10
2214.533447 10
2219.542236 10
2224.550781 10
2229.55957 10
2234.568115 10
2239.576904 10
2244.585449 10
2249.594238 10
2254.602783 10
2259.611572 10
2264.620117 10
2269.628906 10
2274.637451 10
2279.64624 10
2284.654785 10
2289.663574 10
2294.672119 10
2299.680908 10
2304.689453 10
2309.698242 10
2314.706787 10
2319.715576 10
2324.724365 10
2329.73291 10
2334.741699 10
2339.750244 10
2344.759033 10
2349.767578 10
2354.776367 10
2359.784912 10
2364.793701 10
2369.802246 10
2374.811035 10
2379.81958 10
2384.828369 10
2389.836914 10
2394.845703 10
2399.854248 10
2404.863037 10
2409.871582 10
2414.880371 10
2419.888916 10
2424.897705 10
2429.90625 10
2434.915039 10
2439.923584 10
2444.932373 10
2449.940918 10
2454.949707 10
2459.958252 10
2464.967041 10
2469.975586 10
2474.984375 10
2479.99292 10
2485.001709 10
2490.010254 10
2495.019043 10
2500.027588 10
